w: 0.9939361645319889
x: -0.0935659537109363
y: 0.05580529664474026
z: 0.014902416179763876
