w: 0.9938463452336851
x: -0.0944828510691279
y: 0.05582467090216452
z: 0.015034594712222349
