w: 0.9232620250090875
x: -0.37705730553182265
y: 0.07188085674262576
z: 0.01575322046906475
